165700636
165700630
165700624
165700618
165700606
165700600
165700582
165700564
165700558
165700552
165700540
165700534
165700528
165700522
165700516
165700510
165700498
165700492
165700486
165700480
165700474
165700468
165700462
165700456
165700450
165700444
165700438
165700426
165700420
165700408
165700402
165700390
165700396
165700384
165700378
165700372
165700366
165700354
165700348
165700342
165700336
165700330
165700318
165700312
165700306
165700300
165700294
165700288
165700282
165700276
165700270
165700264
165700258
165700252
165700246
165700234
165700228
165700222
165700216
165700210
165700204
165700198
165700180
165700174
165700156
165700126
165700102
165700096
165700084
165700072
165700066
165700060
165700054
165700048
165700042
165700036
165700030
165700024
165700006
165700000
165699994
165699988
165699976
165699970
165699964
165699958
165699952
165699874
165699868
165699844
165699838
165699832
165699826
165699820
160700632
160700590
160700584
160700566
160700560
160700548
160700536
160700530
160700524
160700518
160700506
160700494
160700488
160700482
160700476
160700470
160700458
160700452
160700446
160700440
160700428
160700422
160700416
160700410
160700404
160700380
160700368
160700362
160700356
160700350
160700344
160700314
160700308
160700290
160700278
160700272
160700266
160700260
160700242
160700236
160700230
160700206
160700188
160700182
160700164
160700158
160700152
160700140
160700134
160700128
160700122
160700116
160700110
160700104
160700098
160700086
160700080
160700074
160700062
160700056
160700050
160700038
160700032
160700026
160700014
160700008
160699996
160699984
160699978
160699972
160699966
160699960
160699948
160699942
160699936
160699930
160699924
160699912
160699906
160699894
160699900
160699888
160699882
160699876
160699870
160699864
160699852
160699846
160699840
160699834
160699828
160699810
160699792
160699786
160699780
160699774
160699762
160699750
160699738
160699732
160699726
160699720
160699708
160699702
160699696
160699678
160699672
160699654
160699648
160699642
160699636
160699630
160699618
160699588
160699582
160699576
155700634
155700628
155700622
155700616
155700610
155700598
155700586
155700544
155700538
155700526
155700514
155700508
155700496
155700478
155700472
155700454
155700448
155700442
155700412
155700406
155700394
155700388
155700370
155700358
155700352
155700304
155700292
155700280
155700274
155700256
155700250
155700238
155700226
155700220
155700214
155700196
155700184
155700172
155700154
155700148
155700142
155700124
155700112
155700100
155700088
155700082
155700076
155700070
155700064
135700624
135700582
135700576
135700570
135700552
135700534
135700528
135700522
135700504
135700492
135700486
135700474
135700468
135700462
135700426
135700378
135700342
135700336
135700294
135700288
135700282
135700252
135700240
135700222
135700204
135700192
135700180
135700174
135700168
135700162
135700150
135700132
135700120
135700078
419470636
419470624
419470618
419470588
419470582
419470576
419470570
419470504
419470492
419470486
419470468
419470462
419470450
419470444
419470438
419470414
419470342
419470324
419470318
419470294
419470222
419470174
419470150
419470138
419470120
419470060
419470048
419470012
419469976
419469952
419469940
419469886
419469832
419469790
419469784
419469778
419469772
419469766
419469760
419469736
419469724
419469718
419469712
419469706
419469700
419469676
419469664
419469658
419469646
419469634
419469616
419469604
419469568
419469562
419469556
419469544
419469538
419469520
419469514
419469484
419469478
419469460
419469442
419469436
419469430
419469418
419469412
419469406
419469388
419469376
419469370
419469364
419469346
419469340
419469334
419469316
419469310
419469298
419469286
419469280
419469268
419469262
419469256
419469244
419469238
419469232
419469220
419469208
419469202
419469196
419469190
419469184
419469160
419469154
419469136
419469124
419469118
419469112
419469106
419469100
419469094
419469070
419469064
419469058
419469052
419469040
419469022
419469016
419469004
419468998
419468992
419468974
419468962
419468956
419468950
419468944
419468926
419468914
414470596
414470536
144594442
144594394
144594382
144594286
144594262
144594238
144594226
144594190
144594166
144594154
144594106
144594094
144594058
144594010
144593998
144593974
144593950
144593890
144593842
144593830
144593806
144593794
144593782
144593746
144593722
144593698
144593614
144593542
144593530
144593494
144593434
144593410
144593398
144593350
144593338
144593314
144593266
144593218
144593194
144593182
144593158
144593134
144593122
144593098
144593086
144593026
144593002
144592990
144592978
144592966
144592942
144592930
144592870
144592846
144592798
144592774
144592690
144592606
144592546
144592498
144592486
144592450
144592378
144592366
144592354
144592342
144592306
144592282
144592246
144592234
144592102
144592066
144592030
144591994
144591982
144591970
144591922
144591898
144591886
144591874
144591814
144591790
144591778
144591754
144591730
144591718
144591694
144591646
144591634
144591622
144591598
144591574
144591562
144591550
144591514
144591478
144591466
144591430
144591418
144591406
144591382
144591370
144591358
144591322
144591286
144591274
144591238
144591214
144591202
144591142
144591118
144591106
144591070
144591058
144591034
144591022
144590998
144590950
144590938
144590914
144590878
144590842
144590794
144590782
144590758
144590638
144590626
144590542
144590518
144590458
144590434
144590422
144590386
144590338
144590326
144590254
144590206
144590194
144590098
144590026
144589918
144589906
144589894
144589858
144589834
144589786
144589738
144589726
144589678
144589642
144589630
144589606
144589546
144589498
144589486
144589462
144589414
144589402
144589294
144589246
144588910
144588898
144588850
144588826
144588790
144588754
144588730
144588718
144588706
144588682
144588622
144588574
144588562
144588526
144588514
144588430
144588382
144588322
144588298
144588262
144588214
144588118
144588106
144588082
144588010
144587914
144587902
144587890
144587866
144587854
144587770
144587698
144587578
144587458
144587446
144587326
144587254
144587242
144587230
144587146
144587134
144587098
144587026
144587014
144586978
144586882
144586810
144586774
144586678
144586630
144586546
144586534
144586498
144586438
144586426
144586306
144586246
144586198
144586150
144586066
144586030
144585994
144585874
144585778
144585730
144585658
144585622
144585562
144585502
144585418
144585406
144585382
144585346
144585322
144585274
144585262
144585250
144585214
144585202
144585166
144585154
144585022
144585010
144584998
144584974
144584914
144584902
144584830
144584818
144584794
144584782
144584734
144584674
144584638
144584614
144584602
144584554
144584530
144584518
144584482
144584410
144584314
144584254
144584218
144584194
144584170
144584062
144584002
144583942
144583858
144583738
144583642
144583630
144583582
144583570
144583498
144583474
144583378
144583366
144583342
144583246
144583210
144583162
144583126
144583054
144583018
144582922
144582898
144582826
144582778
144582670
144582658
144582646
144582598
144582586
144582562
144582418
144582382
144582346
144582298
144582226
144582214
144582202
144582190
144582166
144582106
144581974
144581902
144581770
144581746
144581686
144581626
144581602
144581518
144581446
144581434
144581326
144581278
144581242
144581218
144581170
144581146
144581062
144580990
144580954
144580930
144580918
144580858
144580810
144580798
144580762
144580714
144580654
144580630
144580582
144580522
144580486
144580450
144580402
144580366
144580330
144580258
144580186
144580174
144580126
144580102
144580078
144580066
144580054
144580030
144580018
144580006
144579982
144579946
144579910
144579898
144579850
144579826
144579778
144579742
144579610
144579586
144579562
144579538
144579526
144579478
144579454
144579406
144579382
144579322
144579262
144579130
144579082
144579010
144578914
144578902
144578866
144578758
144578722
144578662
144578650
144578626
144578530
144578494
144578482
144578458
144578422
144578362
144578350
144578242
144578218
144578206
144578146
144578086
144578074
144578002
144577990
144577954
144577798
144577786
144577702
144577678
144577654
144577630
144577606
144577582
144577558
144577546
144577342
144577318
144577282
144577270
144577222
144577186
144577126
144577114
144577102
144577090
144577066
144577042
144576982
144576958
144576934
144576910
144576886
144576838
144576814
144576778
144576766
144576754
144576718
144576706
144576694
144576658
144576634
144576622
144576586
144576574
144576550
144576538
144576490
144576382
144576322
144576298
144576286
144576274
144576262
144576250
144576226
144576202
144576190
144576178
144576142
144576118
144576106
144576094
144576058
144576022
144576010
144575962
144575938
144575914
144575902
144575878
144575842
144575758
144575746
144575698
144575686
144575674
144575638
144575602
144575566
144575554
144575542
144575530
144575518
144575470
144575458
144575446
144575398
144575386
144575350
144575338
144575326
144575290
144575266
144575254
144575218
144575194
144575158
144575134
144575122
144575074
144575062
144575050
144575038
144575002
144574966
144574954
144574942
144574930
144574906
144574882
144574870
144574858
144574834
144574822
144574810
144574786
144574762
144574750
144574726
144574714
144574702
144574678
144574666
144574642
144574630
144574618
144574606
144574582
144574558
144574546
144574522
144574510
144574498
144574486
144574450
144574438
144574426
144574414
144574366
144574342
144574330
144574318
144574306
144574294
144574258
144574138
144574126
144574090
144574078
144574054
144574042
144574030
144573994
144573982
144573970
144573922
144573910
144573862
144573838
144573802
144573790
144573778
144573754
144573742
144573730
144573634
144573574
144573526
144573514
144573502
144573490
144573454
144573406
144573382
144573370
144573358
144573334
144573322
144573310
144573298
144573274
144573262
144573250
144573226
144573202
144573190
144573178
144573166
144573154
144573130
144573118
144573046
144573034
144573022
144573010
144572998
144572950
144572926
144572890
144572878
144572854
144572830
144572818
144572806
144572782
144572770
144572758
144572674
144572578
144572566
144572554
144572542
144572530
144572518
144572458
144572446
144572434
144572410
144572398
144572386
144572362
144572326
144572314
144572302
144572266
144572230
144572170
144572158
144572146
144572134
144572110
144572098
144572086
144572074
144572038
144572026
144572002
144571990
144571978
144571966
144571942
144571906
144571882
144571846
144571822
144571798
144571774
144571762
144571750
144571738
144571714
144571702
144571690
144571678
144571642
144571630
144571606
144571594
144571582
144571570
144571558
144571522
144571510
144571498
144571486
144571462
144571366
144571354
144571330
144571306
144571282
144571270
144571246
144571210
144571150
144571114
144571090
144571066
144571054
144571042
144571006
144570970
144570934
144570922
144570886
144570850
144570802
144570790
144570778
144570754
144570742
144570670
144570646
144570622
144570598
144570574
144570514
144570490
144570478
144570454
144570442
144570430
144570418
144570406
144570370
144570346
144570286
144570250
144570238
144570226
144570214
144570178
144570118
144570094
144570082
144570058
144569986
144569974
144569950
144569938
144569854
144569830
144569818
144569806
144569770
144569734
144569722
144569710
144569686
144569650
144569614
144569506
144569494
144569350
144569338
144569326
144569302
144569278
144569266
144569254
144569206
144569194
144569182
144569170
144569158
144569098
144569086
144569062
144569026
144569014
144569002
144568990
144568966
144568954
144568918
144568894
144568882
144568858
144568846
144568834
144568810
144568786
144568774
144568762
144568738
144568726
144568690
144568666
144568618
144568606
144568594
144568570
144568558
144568534
144568522
144568474
144568462
144568450
144568438
144568426
144568414
144568402
144568366
144568306
144568294
144568270
144568258
144568186
144568174
144568150
144568126
144568090
144568078
144568066
144568054
144568042
144568030
144568006
144567994
144567982
144567970
144567958
144567934
144567850
144567826
144567814
144567802
144567790
144567766
144567754
144567730
144567718
144567706
144567694
144567682
144567598
144567586
144567502
144567490
144567478
144567430
144567310
144567238
144567202
144567154
144567082
144567070
144567046
144567034
144567022
144566962
144566950
144566938
144566902
144566818
144566794
144566758
144566710
144566638
144566614
144566506
144566494
144566470
144566458
144566434
144566410
144566386
144566362
144566350
144566326
144566302
144566278
144566254
144566242
144566230
144566218
144566146
144566110
144566086
144566074
144565990
144565978
144565966
144565954
144565918
144565894
144565870
144565834
144565822
144565798
144565690
144565666
144565654
144565642
144565630
144565618
144565606
144565594
144565582
144565546
144565510
144565474
144565438
144565390
144565378
144565366
144565354
144565318
144565270
144565246
144565234
144565222
144565162
144565150
144565138
144565090
144565078
144565054
144565042
144565030
144565006
144564934
144564910
144564850
144564838
144564802
144564766
144564742
144564682
144564646
144564634
144564622
144564610
144564598
144564538
144564526
144564514
144564490
144564478
144564418
144564406
144564394
144564382
144564358
144564322
144564274
144564262
144564166
144564142
144564130
144564082
144564070
144564058
144564010
144563998
144563962
144563842
144563830
144563806
144563794
144563746
144563722
144563710
144563686
144563674
144563638
144563626
144563602
144563590
144563518
144563506
144563494
144563470
144563434
144563422
144563410
144563398
144563386
144563374
144563362
144563350
144563326
144563290
144563278
144563266
144563194
144563170
144563158
144563110
144563098
144563086
144563062
144562990
144562942
144562882
144562846
144562822
144562810
144562750
144562690
144562678
144562642
144562606
144562558
144562534
144562510
144562498
144562462
144562426
144562366
144562330
144562294
144562270
144562258
144562234
144562222
144562210
144562198
144562102
144562090
144562066
144562042
144562030
144562018
144562006
144561994
144561970
144561898
144561886
144561874
144561826
144561790
144561754
144561730
144561718
144561694
144561658
144561610
144561598
144561526
144561502
144561466
144561418
144561394
144561382
144561334
144561310
144561262
144561226
144561190
144561166
144561154
144561130
144561046
144561022
144561010
144560986
144560974
144560938
144560926
144560866
144560854
144560818
144560806
144560770
144560758
144560746
144560710
144560698
144560674
144560590
144560482
144560434
144560422
144560410
144560386
144560362
144560338
144560314
144560290
144560278
144560242
144560206
144560182
144560134
144560098
144560086
144560038
144560014
144559990
144559930
144559894
144559858
144559846
144559834
144559786
414470458
414470428
414470392
414470368
414470344
414470260
414470242
414470194
414470158
414470152
414470140
414470110
414470092
414470062
414470056
414470044
414470032
414470020
414470002
414469966
414469912
414469858
414469852
414469840
414469828
414469804
414469792
414469546
414469498
414469468
414469462
414469456
414469450
414469426
414469420
414469408
414469402
414469378
414469372
414469366
414469360
414469354
414469348
409470628
409470604
409470586
409470580
409470574
409470550
409470544
409470532
409470514
409470508
409470502
409470496
409470490
409470472
409470436
409470430
409470418
409470412
409470406
409470388
409470382
409470370
409470364
409470340
409470334
409470328
409470322
409470316
409470298
409470292
409470286
409470280
409470274
409470262
409470250
409470238
409470232
409470220
409470214
409470208
409470202
409470178
409470160
409470118
409470112
409470106
409470094
409470088
409470076
409470064
409470052
409470046
409470040
404470636
404470606
404470582
404470576
404470552
404470540
404470534
404470528
404470498
404470468
404470456
404470444
404470426
404470420
404470390
404470384
404470366
404470360
404470348
404470318
404470294
404470288
404470264
404470252
404470234
404470216
404470210
404470204
404470180
404470174
404470162
404470150
404470138
404470126
404470108
404470090
404470084
404470078
404470072
404470060
404470054
404470048
404470042
404470036
404470018
404470012
404470006
404470000
404469994
404469982
404469976
404469964
404469946
404469940
404469934
404469922
404469910
404469898
404469886
404469880
404469868
404469850
404469844
404469826
404469820
404469814
404469808
404469778
404469748
404469724
404469718
404469712
404469700
404469694
404469688
404469676
404469658
404469652
404469628
404469598
404469592
404469586
404469580
404469538
404469490
404469472
404469466
404469442
404469436
404469418
404469388
404469382
404469376
404469370
404469364
404469352
404469346
389470570
389470522
389470420
389470390
389470336
389470264
389470216
389470204
389470186
389470180
389470162
389470156
389470114
389470066
389469988
389469982
389469970
389469952
389469946
389469904
389469892
389469886
389469862
389469844
389469802
389469778
389469772
389469718
389469712
389469706
389469664
389469658
384470536
384470506
384470344
384470236
384470146
384469930
384469534
384469516
384469504
171114922
171073924
171113650
170933578
170929402
170917726
170897314
170829274
170739526
130686358
130690798
130694446
170922514
171071344
170709094
130685554
130697830
130699678
170704924
170708938
170782042
170975680
170986864
130699006
170727058
171025132
170766028
170721706
170795368
