165700633
165700627
165700609
165700603
165700597
165700591
165700585
165700579
165700567
165700561
165700555
165700543
165700537
165700531
165700513
165700501
165700495
165700489
165700483
160700617
160700605
160700593
160700587
160700581
160700575
160700569
160700563
160700551
160700545
160700539
160700533
160700527
160700521
160700509
160700485
160700479
160700473
160700467
160700449
160700443
160700437
160700431
160700419
160700413
160700407
160700401
160700383
160700371
160700359
160700353
160700335
160700329
160700323
160700317
160700311
160700305
160700293
160700287
160700245
160700239
160700233
160700227
160700221
160700215
160700209
160700203
160700197
160700179
160700167
160700161
160700155
160700143
160700137
160700131
160700125
160700119
160700113
160700107
160700101
160700095
160700089
160700083
160700077
160700071
160700065
160700059
160700053
160700047
160700041
160700035
160700029
160700023
160700017
160700011
160700005
160699999
160699993
160699987
160699981
160699975
160699969
160699963
160699957
160699933
160699927
160699921
160699903
160699891
160699885
160699879
160699873
160699867
160699861
160699855
160699837
160699825
160699819
160699813
160699807
160699801
160699795
160699789
160699783
160699777
160699771
160699759
160699753
160699747
160699741
160699729
160699723
160699711
160699705
160699687
160699681
160699675
160699669
160699663
160699657
160699651
160699645
160699639
160699627
160699615
160699609
160699603
160699597
160699579
160699567
160699561
160699555
160699549
160699543
160699537
160699531
160699525
160699519
160699513
160699507
160699501
160699495
160699489
160699471
160699465
160699459
160699453
160699441
160699435
160699423
160699363
160699351
160699345
155700613
155700601
155700595
155700583
155700577
155700571
155700565
155700541
155700535
155700511
155700505
155700493
155700487
155700481
155700475
155700463
155700451
155700439
155700427
155700421
155700391
155700379
155700349
155700343
155700337
155700319
155700313
155700301
155700283
155700277
155700265
155700259
155700247
155700235
155700229
155700175
155700169
155700157
155700145
155700139
155700121
155700109
155700103
155700097
155700079
155700067
155700049
155700043
155700031
155700019
155699995
155699989
155699983
155699977
155699971
155699965
155699953
155699947
155699941
155699935
155699911
155699905
155699899
155699881
155699875
155699869
155699863
155699851
155699845
155699839
155699827
155699821
155699815
155699809
155699803
155699791
155699785
155699779
155699761
155699755
155699737
155699731
155699725
155699713
155699701
155699695
155699689
155699671
155699653
155699647
155699617
155699611
155699605
155699593
155699587
155699575
155699569
155699563
155699551
155699539
155699533
155699521
155699515
155699509
155699485
155699479
155699473
155699449
155699437
155699431
155699419
155699413
155699407
155699401
155699395
155699389
135700627
135700615
135700603
135700597
135700573
135700561
135700549
135700537
135700531
135700525
135700513
135700465
135700447
135700441
135700387
135700375
135700369
135700363
135700357
135700345
135700327
135700321
135700315
135700309
135700297
135700291
135700267
135700261
135700243
135700219
135700195
135700183
135700153
135700141
135700135
135700123
135700105
135700081
135700075
419470579
419470555
419470525
419470519
419470501
419470495
419470489
419470483
419470459
419470453
419470435
419470429
419470417
419470381
419470375
419470333
419470237
419470225
419470207
419470195
419470171
419470111
419470099
419470033
419469931
419469901
419469859
419469811
419469805
419469799
419469793
419469775
419469769
419469739
419469733
419469727
419469721
419469709
419469691
419469685
419469679
419469673
419469661
419469643
419469631
419469619
419469589
419469583
419469577
419469535
419469523
419469517
419469499
419469493
419469487
419469475
419469463
419469457
419469445
419469439
419469433
419469421
419469415
419469409
419469403
419469385
419469379
419469373
419469337
419469331
419469325
419469319
419469283
419469271
419469253
414470599
414470593
414470581
414470575
414470557
414470527
414470521
414470509
414470449
414470431
414470389
414470353
414470293
414470257
414470227
414470203
414470191
414470185
414470143
414470137
414470119
414470089
414470059
414470041
414470011
414469999
414469957
414469927
414469837
414469789
414469777
414469765
414469729
414469657
414469585
414469495
414469465
414469459
414469453
414469441
414469435
414469429
414469417
414469399
414469393
414469387
414469381
414469375
414469369
414469363
409470625
409470619
409470601
409470595
409470589
409470583
409470577
409470565
409470547
409470535
409470529
409470523
409470517
409470511
409470487
409470475
409470463
409470451
409470433
409470427
409470421
409470373
409470361
409470355
409470349
409470325
409470319
409470313
409470307
409470301
409470295
409470283
409470277
409470271
409470247
409470235
409470229
409470223
409470199
409470193
409470181
409470175
409470169
409470145
409470139
409470133
409470127
409470109
409470103
409470079
409470073
409470055
409470037
409470019
409470007
409469983
409469971
409469965
409469959
409469953
409469929
409469923
409469905
409469863
409469857
409469833
409469827
409469821
409469809
409469791
409469785
409469779
409469773
409469767
409469737
409469731
409469713
409469707
409469695
409469665
409469659
409469653
409469641
409469635
409469629
409469617
409469605
409469599
409469593
409469581
409469569
409469563
409469557
409469539
409469509
409469503
409469497
409469485
409469473
409469443
409469395
409469383
409469341
409469329
409469251
409469245
409469239
409469221
409469197
409469191
409469185
409469161
409469155
409469143
409469137
409469131
409469125
409469113
409469107
409469101
409469095
409469089
409468981
409468975
409468951
409468921
409468909
409468897
409468891
409468885
409468873
409468867
409468849
409468843
409468831
409468807
409468801
409468783
409468777
409468771
409468765
409468759
409468741
409468735
409468717
409468705
409468699
409468687
409468675
409468669
409468663
409468657
409468651
409468627
409468621
409468591
409468579
409468573
409468555
409468531
409468525
409468513
409468501
409468489
409468477
409468465
409468447
409468441
409468411
409468405
404470633
404470603
404470597
404470585
404470579
404470573
404470567
404470561
404470543
404470537
404470531
404470525
404470513
404470507
404470495
404470477
404470465
404470459
404470447
404470519
404470435
404470429
404470351
404470339
404470333
404470309
404470303
404470285
404470279
404470273
404470345
404470261
404470231
404470207
404470183
404470177
404470165
404470147
404470141
404470123
404470117
404470087
404470081
404470069
404470063
404470039
404470021
404470003
404469997
404469991
404469979
404469973
404469955
404469949
404469943
404469901
404469895
404469889
404469877
404469871
404469853
404469841
404469835
404469817
404469799
404469787
404469769
404469727
404469721
404469715
404469709
404469673
404469667
404469649
404469643
404469625
404469607
404469595
404469583
404469553
404469547
404469541
404469535
404469529
404469511
404469505
404469481
404469457
389470333
389470315
389469853
130698103
171075361
171038353
170924257
170879683
170879557
170874799
170803717
170828641
170821873
170768677
170765275
170714029
130699825
130688287
130699429
130699921
130680991
130678903
130686607
130680871
130690099
130679371
130694071
130687855
130691755
130697341
130696819
170707843
170721397
170726281
170742325
170785231
170936533
170962831
171007831
171021595
171036913
171098803
171101749
130684291
130677895
130692019
130694311
130678747
170888311
130680355
170787997
170987101
130689967
171088081
170781577
130699387
130690591
