165700634
165700628
165700622
165700616
165700598
165700592
165700586
165700580
165700574
165700556
165700538
165700532
165700526
165700520
165700514
165700508
165700502
165700496
165700490
165700484
165700478
165700472
165700454
165700448
165700442
165700436
165700424
165700418
165700412
165700406
165700400
165700394
165700388
165700382
165700376
165700370
165700364
165700352
165700346
165700334
165700328
165700316
165700310
165700304
165700298
165700292
165700286
165700280
165700274
165700268
165700262
165700250
165700244
165700238
165700232
165700226
165700208
165700202
165700172
165700166
165700160
165700154
165700148
165700130
165700112
165700100
165700064
165700058
165700046
165700040
165700034
165700028
165700016
165700004
165699998
165699992
165699986
165699980
165699974
165699968
165699962
165699956
165699938
165699932
165699926
165699920
165699908
165699902
165699866
165699860
165699842
165699836
165699830
165699740
165699710
165699698
165699692
165699686
160700630
160700624
160700588
160700582
160700576
160700570
160700558
160700552
160700546
160700540
160700534
160700528
160700522
160700510
160700504
160700498
160700492
160700486
160700480
160700474
160700468
160700456
160700450
160700444
160700438
160700414
160700408
160700402
160700396
160700378
160700372
160700366
160700354
160700342
160700336
160700330
160700324
160700312
160700306
160700294
160700288
160700276
160700270
160700246
160700222
160700204
160700198
160700192
160700186
160700174
160700156
160700150
160700144
160700132
160700126
160700120
160700114
160700102
160700096
160700084
160700078
160700066
160700060
160700054
160700048
160700036
160700030
160700024
160700018
160700012
160700006
160700000
160699994
160699988
160699976
160699970
160699958
160699952
160699946
160699940
160699934
160699928
160699922
160699916
160699910
160699904
160699892
160699886
160699862
160699850
160699844
160699838
160699832
160699814
160699808
160699802
160699796
160699790
160699784
160699778
160699772
160699766
160699748
160699742
160699736
160699718
160699712
160699700
160699688
160699682
155700632
155700626
155700620
155700602
155700596
155700590
155700578
155700572
155700548
155700512
155700506
155700500
155700488
155700470
155700458
155700446
155700440
155700422
155700416
155700386
155700362
155700350
155700344
155700338
155700326
155700314
155700302
155700296
155700290
155700266
155700260
155700254
155700248
155700242
155700236
155700212
155700206
155700200
155700170
155700164
155700158
155700146
155700140
155700134
155700128
155700116
155700068
155700062
155700050
155700044
155700038
155700032
155700026
155700020
155700002
155699990
155699984
155699966
155699948
155699942
155699930
155699924
155699918
155699912
155699906
155699882
155699876
155699870
155699858
155699852
155699834
155699828
155699816
155699804
155699798
155699792
155699780
155699774
155699762
155699750
155699744
155699738
155699726
155699714
155699690
155699678
155699672
155699666
155699654
155699630
155699612
155699606
155699600
155699594
155699588
155699582
155699570
155699564
155699558
155699546
155699522
155699516
155699510
155699504
155699498
155699468
155699462
155699444
155699432
155699426
155699420
155699414
155699402
155699396
155699390
155699384
155699372
155699360
155699348
155699342
155699336
155699330
155699324
155699318
155699306
155699300
155699294
155699288
155699282
155699276
135700634
135700628
135700616
135700610
135700586
135700568
135700562
135700556
135700544
135700532
135700520
135700502
135700448
135700418
135700412
135700388
135700370
135700364
135700358
135700352
135700298
135700268
135700238
135700220
135700208
135700196
135700184
135700166
135700154
135700142
135700136
135700130
419470628
419470616
419470580
419470568
419470556
419470520
419470508
419470502
419470496
414470612
414470588
414470540
414470510
144594434
144594362
144594350
144594326
144594290
144594218
144594194
144594122
144594110
144594086
144594062
144594002
144593966
144593930
144593846
144593834
144593810
144593798
144593786
144593678
144593642
144593630
144593618
144593486
144593462
144593450
144593426
144593390
144593330
144593318
144593282
144593270
144593258
144593246
144593234
144593222
144593198
144593186
144593150
144593126
144593102
144593090
144593066
144593054
144593042
144592970
144592934
144592850
144592790
144592694
144592646
144592598
144592562
144592526
144592514
144592502
144592490
144592478
144592418
144592334
144592250
144592238
144592214
144592178
144592166
144592154
144592094
144592082
144592034
144592010
144591962
144591938
144591914
144591890
144591818
144591806
144591794
144591782
144591734
144591722
144591710
144591686
144591662
144591638
144591626
144591578
144591566
144591542
144591518
144591506
144591482
144591446
144591434
144591386
144591338
144591326
144591266
144591254
144591182
144591014
144591002
144590978
144590966
144590954
144590930
144590882
144590870
144590858
144590846
144590810
144590798
144590786
144590774
144590738
144590714
144590654
144590606
144590582
144590570
144590546
144590534
144590522
144590450
144590438
144590414
144590402
144590342
144590306
144590270
144590246
144590234
144590222
144590198
144590174
144590114
144590102
144590090
144590078
144590066
144590054
144590018
144589994
144589922
144589898
144589874
144589838
144589694
144589670
144589646
144589622
144589598
144589562
144589550
144589514
144589490
144589478
144589346
144589298
144589262
144589214
144589154
144589118
144589010
144588998
144588974
144588938
144588914
144588902
144588866
144588734
144588686
144588590
144588578
144588434
144588374
144588350
144588338
144588314
144588266
144588242
144588218
144588194
144588170
144588134
144588122
144588074
144588050
144588002
144587954
144587930
144587906
144587882
144587774
144587750
144587726
144587642
144587594
144587570
144587558
144587534
144587498
144587474
144587378
144587366
144587330
144587294
144587234
144587210
144587138
144587078
144587066
144587054
144587042
144586994
144586874
144586850
144586814
144586802
144586694
144586682
144586646
144586586
144586514
144586418
144586394
144586382
144586334
144586310
144586274
144586238
144586154
144586082
144586010
144585878
144585854
144585830
144585806
144585770
144585758
144585698
144585674
144585662
144585638
144585602
144585566
144585506
144585494
144585422
144585398
144585338
144585314
144585302
144585266
144585158
144585098
144585062
144585014
144584990
144584942
144584894
144584834
144584798
144584738
144584678
144584558
144584546
144584534
144584522
144584510
144584498
144584474
144584438
144584378
144584330
144584294
144584246
144584066
144583958
144583898
144583826
144583802
144583766
144583670
144583598
144583526
144583502
144583490
144583478
144583466
144583430
144583322
144583310
144583082
144583070
144582962
144582902
144582878
144582866
144582806
144582782
144582734
144582722
144582590
144582530
144582506
144582470
144582458
144582446
144582398
144582326
144582218
144582134
144582062
144582026
144582002
144581918
144581870
144581846
144581834
144581822
144581810
144581774
144581750
144581738
144581678
144581654
144581606
144581522
144581498
144581378
144581306
144581282
144581258
144581246
144581234
144581186
144581174
144581162
144581126
144581114
144581078
144581054
144580922
144580862
144580850
144580730
144580670
144580634
144580598
144580550
144580490
144580430
144580406
144580394
144580382
144580334
144580202
144580082
144580070
144580058
144580046
144579914
144579842
144579830
144579818
144579710
144579602
144579590
144579578
144579530
144579482
144579422
144579374
144579362
144579338
144579302
144579206
144579158
144579062
144579050
144578978
144578942
144578822
144578798
144578774
144578726
144578654
144578630
144578570
144578474
144578462
144578450
144578426
144578402
144578354
144578210
144578174
144578162
144578114
144578066
144577814
144577778
144577718
144577610
144577574
144577550
144577538
144577418
144577406
144577394
144577370
144577334
144577310
144577274
144577130
144577094
144577070
144577034
144577022
144577010
144576938
144576842
144576806
144576794
144576746
144576698
144576674
144576650
144576626
144576602
144576590
144576554
144576506
144576494
144576470
144576458
144576446
144576422
144576410
144576398
144576362
144576350
144576326
144576290
144576278
144576254
144576242
144576230
144576170
144576158
144576134
144576110
144576098
144576086
144576074
144576062
144576026
144576014
144575990
144575978
144575966
144575954
144575942
144575930
144575918
144575906
144575870
144575834
144575822
144575798
144575738
144575690
144575654
144575642
144575618
144575606
144575594
144575582
144575570
144575546
144575534
144575522
144575498
144575474
144575462
144575450
144575426
144575414
144575390
144575366
144575318
144575306
144575282
144575198
144575174
144575150
144575126
144575114
144575054
144575018
144575006
144574982
144574958
144574946
144574910
144574898
144574862
144574850
144574838
144574826
144574802
144574790
144574778
144574766
144574742
144574730
144574718
144574706
144574670
144574658
144574646
144574634
144574610
144574598
144574586
144574562
144574514
144574502
144574466
144574454
144574418
144574406
144574382
144574370
144574346
144574322
144574310
144574274
144574250
144574238
144574214
144574154
144574142
144574130
144574106
144574058
144574046
144574022
144573998
144573974
144573962
144573914
144573890
144573878
144573866
144573842
144573830
144573818
144573806
144573794
144573758
144573734
144573722
144573686
144573674
144573614
144573590
144573566
144573518
144573482
144573422
144573362
144573326
144573314
144573278
144573266
144573218
144573206
144573194
144573170
144573146
144573134
144573110
144573098
144573086
144573062
144573026
144573014
144573002
144572978
144572966
144572918
144572882
144572870
144572834
144572786
144572762
144572738
144572702
144572678
144572606
144572570
144572534
144572522
144572510
144572474
144572438
144572414
144572402
144572366
144572342
144572330
144572282
144572258
144572222
144572210
144572198
144572186
144572174
144572126
144572114
144572078
144572066
144572054
144572018
144571994
144571958
144571934
144571910
144571898
144571874
144571850
144571826
144571802
144571778
144571754
144571730
144571694
144571670
144571646
144571634
144571622
144571610
144571586
144571574
144571562
144571550
144571538
144571514
144571490
144571466
144571442
144571430
144571406
144571394
144571322
144571286
144571274
144571262
144571214
144571178
144571118
144571106
144571058
144570950
144570914
144570902
144570890
144570866
144570854
144570830
144570818
144570806
144570746
144570734
144570698
144570662
144570626
144570566
144570554
144570482
144570458
144570434
144570410
144570386
144570374
144570170
144570134
144570122
144570110
144570062
144570038
144570014
144570002
144569990
144569978
144569942
144569930
144569870
144569846
144569798
144569774
144569750
144569714
144569690
144569678
144569618
144569594
144569534
144569522
144569510
144569486
144569462
144569450
144569426
144569378
144569342
144569306
144569294
144569234
144569222
144569174
144569150
144569066
144569054
144569030
144568994
144568958
144568946
144568934
144568910
144568898
144568886
144568874
144568850
144568838
144568826
144568814
144568778
144568766
144568754
144568742
144568598
144568550
144568538
144568526
144568514
144568502
144568490
144568466
144568442
144568430
144568394
144568358
144568346
144568310
144568298
144568274
144568262
144568238
144568214
144568202
144568190
144568154
144568130
144568118
144568106
144568022
144568010
144567998
144567986
144567962
144567938
144567926
144567878
144567818
144567806
144567770
144567758
144567746
144567722
144567710
144567698
144567554
144567542
144567506
144567482
144567470
144567458
144567374
144567242
144567194
144567158
144567086
144567026
144566978
144566894
144566870
144566762
144566726
144566702
144566666
144566606
144566570
144566558
144566534
144566510
144566402
144566390
144566366
144566354
144566342
144566330
144566318
144566270
144566222
144566210
144566138
144566090
144566078
144566066
144566054
144566006
144565970
144565958
144565886
144565850
144565802
144565766
144565754
144565742
144565682
144565646
144565634
144565586
144565538
144565514
144565490
144565478
144565466
144565430
144565394
144565382
144565370
144565358
144565322
144565298
144565274
144565238
144565178
144565166
144565058
144565046
144565022
144565010
144564998
144564926
144564890
144564842
144564806
144564722
144564662
144564650
144564626
144564614
144564578
144564566
144564554
144564458
144564446
144564410
144564386
144564350
144564338
144564326
144564302
144564266
144564158
144564146
144564122
144564110
144564074
144564062
144564026
144564014
144563978
144563942
144563918
144563894
144563870
144563858
144563834
144563822
144563798
144563762
144563750
144563738
144563702
144563690
144563654
144563642
144563582
144563570
144563558
144563546
144563534
144563522
144563510
144563462
144563438
144563414
144563366
144563354
144563342
144563318
144563294
144563258
144563246
144563222
144563210
144563174
144563162
144563150
144563126
144563102
144563090
144563078
144563066
144563054
144562994
144562958
144562946
144562850
144562826
144562802
144562778
144562742
144562694
144562634
144562610
144562514
144562466
144562442
144562394
144562358
144562310
144562298
144562250
144562226
144562190
144562178
144562154
144562130
144562094
144562034
144562010
144561998
144561962
144561950
144561938
144561914
144561842
144561830
144561818
144561758
144561722
144561614
144561566
144561554
144561542
144561506
144561482
144561434
144561398
144561362
144561314
144561266
144561206
144561194
144561158
144561146
144561134
144561110
144561086
144561038
144560978
144560966
144560954
144560918
144560906
144560894
144560882
144560858
144560834
144560822
144560726
144560714
144560702
144560666
144560642
144560558
144560522
144560486
144560474
144560462
144560450
144560390
144560378
144560366
144560354
144560342
144560294
144560222
144560210
144560186
144560162
144560138
144560018
144559982
144559910
144559862
144559838
144559826
144559802
414470480
414470462
414470450
414470426
414470360
414470342
414470336
414470306
414470264
414470204
414470156
414470114
414470108
414470090
414470048
414470042
414470036
414469988
414469982
414469874
414469862
414469826
414469754
414469688
414469598
414469508
414469466
414469460
414469448
414469442
414469424
414469418
414469406
414469400
414469394
414469376
414469370
414469364
414469358
414469346
414469340
414469322
414469304
414469286
414469274
414469268
414469256
414469250
414469244
414469238
414469232
414469226
414469220
414469214
414469208
414469196
414469190
414469184
414469178
414469154
414469142
414469130
414469124
414469112
414469094
414469088
414469076
414469040
414469016
414468986
414468980
414468968
414468932
414468920
414468914
414468908
414468902
414468896
414468866
414468848
414468692
409470632
409470614
409470602
409470590
409470578
409470572
409470566
409470560
409470554
409470548
409470542
409470536
409470524
409470512
409470500
409470482
409470476
409470464
409470452
409470428
409470422
409470416
409470410
409470398
409470518
409470356
409470350
409470344
409470332
409470326
409470320
409470314
409470290
409470284
409470254
409470248
409470224
409470218
409470212
409470188
409470176
409470158
409470146
409470128
409470122
409470116
409470110
409470104
409470098
409470092
409470086
409470080
409470074
409470062
409470044
409470020
409470008
409470002
409469984
409469972
409469954
409469948
409469936
409469930
409469900
409469894
409469888
404470634
404470622
404470610
404470604
404470592
404470580
404470574
404470568
404470532
404470520
404470514
404470508
404470466
404470460
404470430
404470388
404470364
404470346
404470322
404470316
404470310
404470268
404470262
404470256
404470238
404470232
404470208
404470196
404470184
404470178
404470172
404470166
404470160
404470154
404470142
404470124
404470106
404470058
404470028
404470022
404469998
404469986
404469974
404469962
404469956
404469944
404469932
404469914
404469902
404469896
404469890
404469884
404469866
404469848
404469836
404469830
404469812
404469788
404469782
404469728
404469722
404469710
404469704
404469698
404469686
404469680
404469674
404469656
404469632
404469626
404469620
404469614
404469602
404469578
404469536
404469530
404469518
389470622
389470616
389470598
389470550
389470478
389470466
389470448
389470418
389470364
389470268
389470256
389470244
389470238
389470226
389470208
389470202
389470184
389470148
389470130
389470124
389470112
389470106
389470058
389470034
389470028
389469998
389469992
389469914
389469878
389469872
389469866
389469830
389469734
389469698
389469626
389469602
384470510
384470504
384470234
384470210
384470024
384469712
384469508
171039938
171114122
171065750
170993738
170890658
170889356
170837798
170860790
170763338
170760464
130690802
130691234
170932640
170740964
130692962
170820800
170970218
171059096
171090776
130696238
130686698
170867846
130700078
170872226
170874050
170843240
170749334
