165700632
165700626
165700620
165700608
165700602
165700584
165700578
165700560
165700554
165700536
165700530
165700524
165700518
165700512
165700506
165700500
165700488
165700476
165700470
165700464
165700440
165700434
165700422
165700404
165700398
165700386
165700380
165700374
165700368
165700362
165700356
165700350
165700344
165700338
165700332
165700326
165700320
165700314
165700308
165700302
165700296
165700290
165700284
165700278
165700266
165700260
165700254
165700248
165700242
165700236
165700230
165700224
165700218
165700212
165700206
165700194
165700188
165700182
165700140
165700134
165700122
165700098
165700092
165700068
165700062
165700056
165700050
165700044
165700038
165700032
165700020
165700008
165700002
165699996
165699990
165699984
165699978
165699972
165699966
165699960
165699954
165699942
165699936
165699918
165699906
165699840
165699834
165699822
165699816
165699810
165699786
165699744
165699732
165699720
165699696
165699684
165699678
165699666
165699660
165699654
165699642
165699636
165699630
165699624
165699606
165699600
165699582
165699588
165699576
165699570
165699564
165699558
165699546
165699540
165699534
165699528
165699522
165699516
165699510
165699504
165699498
165699492
165699486
165699480
165699474
165699468
165699462
165699456
165699450
165699444
165699438
165699432
165699426
165699420
165699414
165699408
165699402
165699396
165699384
165699378
165699372
165699366
165699360
165699348
165699342
165699336
160700634
160700616
160700610
160700604
160700598
160700580
160700562
160700544
160700538
160700532
160700526
160700520
160700514
160700508
160700502
160700496
160700490
160700484
160700478
160700472
160700466
160700460
160700454
160700448
160700436
160700430
160700424
160700418
160700412
160700400
160700394
160700388
160700382
160700376
160700358
160700352
160700346
160700340
160700334
160700322
160700316
160700310
160700304
160700298
160700280
160700262
160700256
160700250
160700238
160700232
155700636
155700630
155700624
155700618
155700600
155700588
155700582
155700570
155700558
155700552
155700540
155700492
155700486
155700480
155700474
155700468
155700462
155700450
155700444
155700426
155700402
155700396
155700390
155700366
155700354
155700330
155700324
155700306
155700294
155700288
155700282
155700276
155700270
155700258
155700252
155700234
155700216
155700210
155700198
155700162
155700156
155700144
155700138
155700096
155700084
155700066
155700060
155700054
155700048
155700042
155700030
155700006
155700000
155699994
155699988
155699982
155699970
155699958
155699952
155699946
155699940
155699928
155699922
155699898
155699892
155699886
155699880
155699874
155699862
155699850
155699844
155699826
155699820
155699814
155699790
155699784
155699766
155699760
155699748
155699730
155699724
155699712
155699706
155699700
155699694
155699682
155699676
155699670
155699664
155699658
155699640
155699634
155699628
155699622
155699616
155699604
155699598
155699568
155699550
155699532
155699508
155699490
135700614
135700602
135700596
135700590
135700578
135700554
135700548
135700536
135700500
135700464
135700440
135700422
135700410
135700386
135700368
135700362
135700338
135700326
135700314
135700308
135700302
135700296
135700290
135700266
135700248
135700212
419470632
419470596
419470590
419470566
419470560
419470542
419470530
419470512
419470506
419470500
419470488
419470464
419470458
419470434
419470428
419470422
419470416
419470404
419470374
419470362
419470344
419470320
419470314
419470308
419470284
419470260
419470176
419470158
419470140
419470134
419470086
419470050
419470038
419470008
419469978
419469966
419469924
419469918
419469912
419469882
419469864
419469852
419469840
419469834
419469828
419469810
419469804
419469798
419469786
419469780
419469774
419469768
419469744
419469738
419469720
419469714
419469690
419469684
419469678
419469672
419469660
419469654
419469642
419469618
419469606
414470616
414470604
414470598
414470502
409470636
144594426
144594366
144594354
144594342
144594330
144594318
144594294
144594270
144594258
144594222
144594210
144594186
144594102
144594066
144594054
144594006
144593922
144593886
144593874
144593862
144593826
144593802
144593790
144593778
144593766
144593742
144593682
144593670
144593646
144593634
144593586
144593562
144593406
144593394
144593370
144593358
144593322
144593298
144593286
144593250
144593226
144593190
144593130
144593094
144593058
144593034
144593022
144592998
144592950
144592938
144592926
144592902
144592878
144592866
144592818
144592794
144592770
144592758
144592746
144592734
144592674
144592662
144592626
144592602
144592590
144592578
144592554
144592542
144592530
144592518
144592506
144592482
144592458
144592422
144592398
144592350
144592338
144592302
144592242
144592218
144592110
144592098
144591990
144591954
144591906
144591894
144591870
144591858
144591834
144591750
144591714
144591690
144591642
144591606
144591594
144591570
144591558
144591486
144591450
144591354
144591330
144591306
144591294
144591234
144591222
144591186
144591162
144591090
144591054
144591030
144590994
144590982
144590958
144590886
144590862
144590850
144590838
144590826
144590814
144590802
144590778
144590766
144590718
144590694
144590682
144590658
144590646
144590634
144590622
144590610
144590514
144590466
144590418
144590394
144590382
144590334
144590274
144590202
144590118
144590058
144590010
144589998
144589986
144589950
144589914
144589866
144589854
144589794
144589782
144589770
144589734
144589710
144589698
144589686
144589662
144589650
144589626
144589590
144589578
144589554
144589542
144589458
144589422
144589386
144589362
144589338
144589326
144589290
144589146
144589062
144589014
144589002
144588942
144588906
144588858
144588798
144588714
144588678
144588654
144588630
144588618
144588546
144588534
144588426
144588414
144588402
144588390
144588318
144588258
144588246
144588174
144588138
144588090
144588054
144588042
144588006
144587982
144587934
144587922
144587850
144587814
144587790
144587730
144587658
144587622
144587586
144587514
144587478
144587466
144587442
144587322
144587310
144587298
144587274
144587214
144587178
144587070
144586890
144586806
144586782
144586770
144586662
144586650
144586638
144586614
144586578
144586530
144586482
144586458
144586434
144586350
144586314
144586278
144586242
144586170
144586086
144586074
144586050
144586002
144585990
144585954
144585930
144585906
144585882
144585858
144585834
144585750
144585690
144585678
144585666
144585630
144585474
144585450
144585438
144585378
144585366
144585330
144585318
144585294
144585270
144585234
144585198
144585162
144585138
144585126
144585114
144585102
144585006
144584994
144584934
144584862
144584826
144584754
144584718
144584682
144584670
144584646
144584442
144584382
144584358
144584310
144584274
144584238
144584166
144584106
144583998
144583986
144583974
144583962
144583914
144583902
144583866
144583854
144583818
144583794
144583746
144583734
144583722
144583638
144583314
144583242
144583230
144583206
144583182
144583158
144583146
144583134
144583026
144582966
144582930
144582918
144582894
144582726
144582642
144582582
144582546
144582498
144582438
144582426
144582414
144582366
144582282
144582270
144582246
144582234
144582114
144582066
144582054
144582018
144581970
144581814
144581742
144581610
144581574
144581526
144581334
144581238
144581214
144581202
144581190
144581142
144581094
144581058
144581046
144581022
144580962
144580926
144580914
144580866
144580842
144580770
144580758
144580734
144580722
144580674
144580638
144580578
144580482
144580458
144580434
144580362
144580350
144580266
144580110
144579954
144579918
144579882
144579834
144579786
144579678
144579654
144579630
144579618
144579558
144579534
144579510
144579486
144579450
144579366
144579354
144579342
144579318
144579306
144579246
144579222
144579210
144579162
144579126
144579054
144578982
144578946
144578934
144578898
144578838
144578778
144578718
144578658
144578622
144578550
144578430
144578394
144578382
144578358
144578334
144578262
144578250
144578214
144578046
144578034
144577986
144577974
144577878
144577782
144577770
144577734
144577710
144577698
144577686
144577638
144577590
144577566
144577494
144577482
144577422
144577410
144577386
144577374
144577362
144577350
144577326
144577290
144577278
144577242
144577230
144577218
144577194
144577182
144577110
144577062
144577050
144577038
144577014
144576978
144576966
144576954
144576906
144576870
144576858
144576834
144576786
144576750
144576726
144576714
144576678
144576630
144576594
144576582
144576570
144576534
144576522
144576510
144576486
144576474
144576438
144576426
144576414
144576390
144576378
144576366
144576330
144576318
144576306
144576282
144576270
144576258
144576246
144576210
144576162
144576126
144576114
144576102
144576078
144576042
144576006
144575994
144575958
144575934
144575862
144575850
144575814
144575802
144575754
144575742
144575706
144575682
144575670
144575646
144575598
144575586
144575562
144575502
144575490
144575478
144575466
144575430
144575418
144575382
144575310
144575298
144575250
144575226
144575214
144575202
144575190
144575178
144575142
144575118
144575106
144575046
144575034
144575022
144574986
144574974
144574962
144574950
144574902
144574890
144574878
144574866
144574854
144574818
144574794
144574782
144574770
144574722
144574698
144574686
144574674
144574662
144574650
144574638
144574614
144574602
144574590
144574566
144574554
144574482
144574470
144574446
144574434
144574422
144574374
144574350
144574338
144574326
144574290
144574278
144574266
144574242
144574206
144574182
144574170
144574146
144574122
144574110
144574074
144574062
144574038
144574002
144573990
144573954
144573942
144573930
144573918
144573906
144573894
144573882
144573870
144573846
144573834
144573822
144573810
144573798
144573750
144573738
144573726
144573714
144573678
144573666
144573642
144573630
144573618
144573606
144573594
144573558
144573546
144573534
144573498
144573486
144573474
144573462
144573402
144573390
144573378
144573366
144573354
144573306
144573294
144573270
144573246
144573222
144573174
144573150
144573114
144573078
144573054
144573042
144573030
144573018
144572994
144572946
144572934
144572886
144572874
144572802
144572790
144572754
144572742
144572730
144572706
144572694
144572682
144572670
144572658
144572634
144572598
144572586
144572574
144572550
144572538
144572514
144572490
144572478
144572466
144572454
144572418
144572406
144572382
144572238
144572202
144572154
144572142
144572106
144572058
144571914
144571902
144571890
144571782
144571770
144571722
144571698
144571626
144571602
144571566
144571530
144571518
144571446
144571422
144571374
144571362
144571350
144571278
144571266
144571242
144571218
144571182
144571158
144571146
144571086
144571074
144571050
144571014
144570990
144570942
144570930
144570918
144570906
144570822
144570798
144570762
144570678
144570654
144570618
144570594
144570558
144570546
144570534
144570522
144570426
144570414
144570390
144570354
144570222
144570174
144570138
144570114
144570078
144570054
144570042
144569994
144569982
144569946
144569874
144569862
144569838
144569802
144569778
144569766
144569754
144569718
144569682
144569646
144569574
144569562
144569514
144569490
144569478
144569454
144569430
144569418
144569382
144569358
144569346
144569334
144569322
144569310
144569298
144569262
144569202
144569178
144569154
144569118
144569082
144569058
144569034
144569010
144568986
144568962
144568950
144568938
144568926
144568914
144568902
144568890
144568878
144568854
144568806
144568770
144568746
144568734
144568710
144568686
144568662
144568650
144568638
144568626
144568614
144568602
144568590
144568578
144568566
144568542
144568530
144568494
144568470
144568446
144568434
144568422
144568410
144568398
144568386
144568374
144568362
144568338
144568326
144568254
144568242
144568218
144568206
144568182
144568170
144568158
144568122
144568086
144568014
144568002
144567990
144567966
144567918
144567894
144567870
144567846
144567786
144567762
144567750
144567738
144567726
144567714
144567702
144567690
144567666
144567654
144567618
144567606
144567582
144567570
144567522
144567510
144567498
144567486
144567474
144567462
144567438
144567402
144567354
144567342
144567318
144567198
144567186
144567126
144567102
144567066
144567054
144567018
144567006
144566946
144566922
144566886
144566862
144566838
144566802
144566754
144566706
144566682
144566646
144566622
144566574
144566514
144566466
144566418
144566382
144566370
144566322
144566298
144566286
144566262
144566178
144566130
144566118
144566106
144566094
144566082
144565998
144565962
144565890
144565854
144565842
144565830
144565806
144565794
144565782
144565770
144565758
144565746
144565734
144565686
144565662
144565650
144565638
144565626
144565614
144565542
144565530
144565482
144565458
144565410
144565386
144565362
144565326
144565314
144565254
144565230
144565218
144565182
144565170
144565134
144565122
144565110
144565086
144565026
144565014
144564978
144564966
144564954
144564918
144564894
144564882
144564870
144564846
144564822
144564810
144564786
144564774
144564738
144564726
144564690
144564654
144564642
144564630
144564606
144564570
144564558
144564534
144564486
144564462
144564438
144564426
144564414
144564354
144564342
144564330
144564270
144564258
144564234
144564222
144564210
144564186
144564138
144564126
144564114
144564090
144564054
144564018
144564006
144563994
144563970
144563958
144563946
144563934
144563922
144563910
144563850
144563814
144563754
144563742
144563730
144563718
144563706
144563694
144563670
144563634
144563586
144563574
144563562
144563526
144563490
144563466
144563454
144563406
144563334
144563298
144563286
144563274
144563262
144563166
144563154
144563130
144563118
144563094
144563070
144563058
144563022
144562998
144562962
144562890
144562878
144562866
144562806
144562794
144562770
144562722
144562710
144562674
144562662
144562650
144562638
144562614
144562602
144562578
144562566
144562554
144562542
144562506
144562482
144562422
144562410
144562374
144562362
144562290
144562278
144562266
144562254
144562242
144562194
144562134
144562122
144562110
144562074
144562038
144562026
144561918
144561882
144561870
144561858
144561846
144561810
144561786
144561750
144561678
144561654
144561606
144561594
144561570
144561534
144561510
144561474
144561390
144561354
144561294
144561234
144561150
144561126
144561114
144561090
144561078
144561066
144561054
144560982
144560970
144560958
144560934
144560922
144560886
144560850
144560814
144560802
144560778
144560766
144560658
144560610
144560586
144560562
144560538
144560526
144560514
144560382
144560346
144560334
144560310
144560286
144560274
144560226
144560214
144560166
144560130
144560118
144560070
144560022
144559998
144559974
144559890
144559878
144559854
144559842
144559794
414470430
414470406
414470400
414470388
414470370
414470328
414470286
414470280
414470274
414470262
414470208
414470184
414470124
414470046
414469944
414469914
414469908
414469878
414469872
414469866
414469818
414469758
414469740
414469734
414469614
414469608
414469542
414469506
414469494
414469476
414469458
414469452
414469440
414469434
414469428
414469422
414469416
414469410
414469404
414469398
414469386
414469374
414469362
414469350
414469332
414469320
414469314
414469302
414469296
414469290
414469284
414469248
414469242
414469224
414469218
414469212
414469206
414469200
414469170
414469152
414469146
414469134
414469110
414469104
414469098
414469092
414469086
414469068
414469050
414469044
414469038
414469026
414469020
414469008
414468978
414468972
414468966
414468960
414468948
414468942
414468936
414468930
414468912
414468906
414468900
414468882
414468870
414468864
414468858
414468852
414468786
414468780
414468732
414468660
414468624
414468594
414468576
414468558
414468540
414468420
414468408
414468384
414468336
414468312
414468126
414468090
414468060
414468054
414468000
414467976
414467970
414467928
414467910
414467886
414467838
414467832
414467754
414467724
414467688
414467640
414467580
414467562
414467550
414467526
414467502
414467460
414467448
414467436
414467418
414467400
414467322
414467286
414467256
409470600
409470594
409470570
409470564
409470552
409470546
409470528
409470516
409470504
409470462
409470456
409470450
409470444
409470432
409470414
409470408
409470402
409470396
409470390
409470384
409470378
409470372
409470360
409470348
409470342
409470306
409470288
409470276
409470264
409470258
409470252
409470240
409470234
409470228
409470222
409470216
409470210
409470192
409470186
409470174
409470168
409470162
409470156
409470150
409470126
409470102
409470096
409470090
409470084
409470060
409470054
409470048
409470042
409470030
409470024
409470018
409469994
409469970
409469946
409469940
409469922
409469898
409469880
409469874
409469868
409469850
409469838
409469826
409469820
409469814
409469772
409469760
409469748
409469718
409469712
409469700
409469664
409469658
409469652
409469646
409469640
409470576
404470632
404470602
404470596
404470590
404470566
404470554
404470548
404470536
404470524
404470512
404470482
389470584
389470560
389470494
389470302
389470266
389470260
389470224
389470128
389470116
389470110
389470008
389469996
389469948
389469918
389469822
389469792
389469666
384470178
384470022
384469908
384469884
384469830
384469338
171083418
171039786
171073188
171032442
171027282
170993580
170851812
170845626
170899320
170805942
170842914
170840460
170795586
170779902
170750640
170718984
170715006
170714742
130691862
130698498
130691418
170952786
130688406
130694334
130693662
130688238
130693266
130693338
170765514
170782812
170804196
170905710
170906988
170934408
170986842
171080910
171108072
130687494
130698318
170904456
170948454
170755890
130692330
