165700635
165700629
165700623
165700611
165700605
165700599
165700587
165700575
165700563
165700557
165700551
165700545
165700533
165700527
165700521
165700515
165700509
165700503
165700497
165700491
165700485
165700479
165700473
165700467
165700461
165700455
165700449
165700437
165700413
165700407
165700395
165700383
165700377
165700371
165700365
165700359
165700353
165700347
165700341
165700335
165700323
165700317
165700311
165700305
165700281
165700275
165700269
165700263
165700257
165700251
165700245
165700239
165700233
165700227
165700221
165700215
165700209
165700203
165700197
165700191
165700155
165700137
165700131
165700113
165700107
165700083
165700077
165700071
165700065
165700059
165700053
165700047
165700041
165700035
165700029
165700023
165700017
165700005
165699999
165699993
165699987
165699981
165699975
165699969
165699957
165699927
165699921
165699915
165699897
165699855
165699843
165699831
165699825
165699807
165699801
165699789
165699741
165699729
165699705
165699693
165699687
165699681
165699675
165699669
165699663
165699651
165699645
165699639
165699633
165699627
165699621
165699609
165699603
165699597
165699591
165699585
165699579
165699573
165699567
165699561
165699555
165699549
165699543
165699531
165699525
165699519
165699513
165699507
165699501
165699495
165699489
165699483
165699477
165699471
165699465
165699459
165699453
165699447
165699441
165699435
165699429
165699423
165699417
165699411
165699405
165699399
165699393
165699387
165699381
165699375
165699363
165699357
165699351
165699345
165699339
165699333
165699327
165699315
165699309
165699303
165699297
165699291
165699285
165699279
165699273
165699267
165699261
165699255
165699249
160700637
160700631
160700625
160700619
160700613
160700607
160700595
160700583
160700577
160700559
160700541
160700535
160700529
160700523
160700517
160700511
160700505
160700499
160700493
160700487
160700481
160700469
160700463
160700457
160700451
160700445
160700439
160700427
160700421
160700403
160700397
160700391
160700379
160700361
160700355
160700349
160700343
160700337
160700331
160700313
160700307
160700295
160700289
160700277
160700259
160700253
160700247
160700235
160700229
160700217
160700199
160700193
155700633
155700615
155700585
155700555
155700543
155700537
155700519
155700507
155700495
155700489
155700483
155700477
155700453
155700429
155700405
155700399
155700369
155700363
155700345
155700339
155700333
155700321
155700315
155700273
155700237
155700225
155700213
155700207
155700177
155700171
155700165
155700159
155700153
155700147
155700135
155700129
155700123
155700117
155700111
155700099
155700093
155700087
155700081
155700075
155700069
155700057
155700051
155700039
155700033
155700027
155700015
155700009
155700003
155699997
155699991
155699985
155699979
155699961
155699949
155699943
155699937
155699931
155699907
155699901
155699889
155699883
155699871
155699859
155699847
155699841
155699835
155699823
155699805
155699799
155699793
135700611
135700599
135700587
419470617
419470587
419470581
419470563
419470557
419470551
419470545
419470527
419470509
419470497
419470479
419470467
419470461
419470455
419470449
419470431
419470389
419470341
419470329
419470311
419470299
419470275
419470239
419470191
419470179
419470155
419470053
419470047
419470011
419469939
419469933
419469927
419469903
419469855
419469843
419469801
419469789
419469783
419469771
419469753
419469741
419469735
419469729
419469717
419469699
419469693
419469687
419469681
419469669
419469663
419469651
419469633
419469621
419469585
419469573
419469567
419469561
419469555
419469549
419469543
419469531
419469525
419469513
419469489
419469483
419469477
419469459
419469453
419469441
419469435
419469423
419469417
419469411
419469405
419469399
419469387
419469381
419469345
419469333
419469327
419469309
419469291
419469249
419469243
419469207
419469201
419469195
419469183
419469171
419469165
419469159
419469153
419469135
419469117
419469099
419469087
419469081
419469075
419469069
419469057
419469051
419469033
419469027
419469015
419469009
419469003
419468991
419468979
419468973
419468961
419468931
419468925
419468913
419468907
419468895
419468889
419468877
419468871
419468865
419468859
419468853
419468835
419468823
419468805
419468799
419468787
419468763
419468751
419468745
419468739
419468733
419468727
419468649
419468631
419468625
419468583
419468547
419468499
419468445
419468421
419468373
419468355
419468343
419468331
419468325
419468247
419468199
419468187
419468127
419468115
419468091
414470631
414470595
414470577
414470565
414470553
414470457
414470415
414470397
414470325
414470265
414470205
414470085
414470079
414470049
414470025
414470013
414469959
414469851
414469839
414469755
414469749
414469689
414469641
414469629
414469617
414469521
414469503
414469461
414469449
414469443
414469419
414469389
414469383
414469377
414469371
414469341
414469329
414469323
414469305
414469299
414469293
414469287
414469275
414469263
414469257
414469251
414469245
414469239
414469233
414469227
414469221
414469215
414469209
414469185
414469173
414469131
414469125
414469113
414469107
414469077
414469065
414469041
414469035
414468981
414468957
414468945
414468933
414468927
414468921
414468915
414468909
414468903
414468897
414468873
414468867
414468861
414468849
414468789
414468771
414468747
414468633
414468627
414468621
414468573
414468561
414468555
414468543
414468519
414468465
414468423
414468405
414468399
414468387
414468369
414468339
414468327
414468297
414468285
414468279
414468165
409470621
409470609
409470597
409470591
409470579
409470543
409470537
409470531
409470525
409470501
409470495
409470483
409470471
409470465
409470447
409470441
409470435
409470429
409470423
409470411
409470399
409470393
409470381
409470375
409470369
409470363
409470351
409470327
409470321
409470315
409470291
409470285
409470273
409470267
409470261
409470237
409470231
409470225
409470207
409470195
409470189
409470177
409470171
409470165
409470159
409470147
409470129
409470123
409470099
409470081
409470075
409470063
409470057
409470051
409470045
409470039
409470027
409470009
404470635
404470629
404470623
404470617
404470593
404470587
404470569
404470557
404470551
404470545
404470539
404470527
404470521
404470515
404470509
404470497
404470467
404470449
404470431
404470425
404470419
404470401
404470395
404470359
404470353
404470347
404470323
404470317
404470305
404470287
404470281
404470263
404470257
404470245
404470233
404470215
404470203
404470191
404470185
404470167
404470161
404470149
404470071
404470059
404470053
404470041
404470035
404470011
404470005
404469999
404469993
404469987
404469981
404469969
404469963
404469939
404469933
404469927
404469915
404469897
404469885
404469867
404469849
404469843
404469831
404469825
404469807
404469759
389469753
171005763
171062439
170909055
170870667
170863161
170774661
170773485
170798073
170755401
170707029
130699431
130696983
130677351
130680687
130700241
130699467
171063681
130687107
130676499
130695183
130699665
130693287
130694037
130695165
130697013
130697379
130697829
130698333
130698549
130699419
130700049
170731485
170766879
170977305
170984511
171044613
171070911
130697541
130697169
130690635
130689483
130689207
130690983
130687023
130681335
170769219
170872143
170953821
130696725
130699407
130693167
